    0.162232543969671108E-98    0.453553813854474811E+03    0.165348908811509610E+01    0.325169790151000049E+01   -0.157688684463500977E+02   -0.808012723922729492E+00    0.197429943084716797E+01    0.261669039726257324E+00   -0.292623400688171387E+00    0.123913644958078861E+01    0.148328338127970705E+01   -0.113359594345092773E+02
    0.218571258627426338E-76    0.351477240445556220E+03    0.224429309186041381E+01    0.340315427447736285E+01   -0.130617923736572266E+02    0.318527221679687500E+00    0.172183275222778320E+01   -0.175476074218750000E-01   -0.429213881492614746E+00    0.105039525255024446E+01    0.454882156463325060E+01   -0.138796818256378174E+02
    0.174596408255035768E-49    0.227420248788995877E+03    0.625450798330903113E+00    0.227246428058326266E+01   -0.154990158081054688E+02   -0.602733612060546875E+00   -0.332951545715332031E-02   -0.283111333847045898E-01   -0.819403529167175293E+00    0.100722841670751584E+01    0.222771627488613122E+01   -0.121393702030181885E+02
    0.333281840944731028E-37    0.170698517031875127E+03    0.299808529760122333E+01    0.595120237920820738E+01   -0.150783233642578125E+02    0.154731321334838867E+01   -0.111101293563842773E+01    0.626849770545959473E+00   -0.966668725013732910E+00    0.880534841452837003E+00    0.127205826350569740E+01   -0.137700819969177246E+02
    0.448810668182186209E-34    0.156121114560904203E+03    0.414912377156853651E+01    0.353827314064025877E+01   -0.137677462100982666E+02    0.159139490127563477E+01    0.309257268905639648E+00    0.232829213142395020E+00    0.315674901008605957E+00    0.872811002732515329E+00    0.252151650900244739E+01   -0.134065270423889160E+02
    0.475429348766512768E-32    0.146628873195211810E+03    0.338277957889258873E+01    0.519719820233106677E+01   -0.155409069061279297E+02    0.699864149093627930E+00   -0.114783525466918945E+01    0.435622692108154297E+00   -0.467539906501770020E+00    0.983241972644329110E+00    0.325655675932407407E+01   -0.102364506721496582E+02
    0.459525502796609007E-22    0.100478552361594183E+03    0.568864751581022787E+01    0.411220843617534104E+01   -0.149202897388262130E+02   -0.714789496549123049E+00    0.149258071684916072E+01   -0.880974253683781905E+00   -0.553965142524297294E+00    0.871447064517437253E+00    0.607932028148883696E+00   -0.107891746367927048E+02
    0.233348860363712122E-13    0.602206737267706131E+02    0.267936010410785697E+01    0.297938165362477303E+01   -0.158394703865051270E+02    0.544748067855834961E+00   -0.106577062606811523E+01    0.934640407562255859E+00   -0.205638647079467773E+00    0.686753525071144177E+00    0.286758448105335262E+01   -0.134453754425048828E+02
    0.814265793992358889E-12    0.529493323693704241E+02    0.377375014994343116E+01    0.561758138018498343E+01   -0.124084651202079002E+02    0.456422681712801648E+00    0.102704276800981642E+01   -0.472953952743421113E+00   -0.244588388359452069E+00    0.732348121766679516E+00    0.215089385070489625E+01   -0.110899531760168593E+02
    0.132881880933860814E-09    0.425928075859668382E+02    0.665384761570525285E+00    0.226533925128694369E+01   -0.137323435229522453E+02   -0.135577585830389014E+01    0.199792006336332273E+01   -0.987695357210891522E-01    0.821508145505611687E-02    0.723038889782349425E+00    0.182651890233377978E+01   -0.102065642887022676E+02
    0.696787113302672053E-05    0.206914215535100254E+02    0.504453554132461601E+01    0.548361839543581020E+01   -0.141745326519012451E+02    0.161710143089294434E+01   -0.130115389823913574E+01    0.555127620697021484E+00    0.782883048057556152E+00    0.539866141261458377E+00    0.149773037519335750E+01   -0.127549245357513428E+02
    0.955065972376026924E-05    0.198941539111201315E+02    0.116538216746477730E+01    0.361727949880270516E+00   -0.152638753156931593E+02   -0.888830786363158376E+00   -0.867688091494440927E+00   -0.885678193386330026E-02   -0.489944988033066409E+00    0.578939046159976378E+00    0.396597161375505580E+01   -0.108774667708774331E+02
    0.540984185846148146E-04    0.162590978025364024E+02    0.238603630688706536E+01    0.460554632529877406E+01   -0.133382949017964805E+02   -0.746768603464359026E+00    0.807536165596797861E+00    0.395371695478968110E+00    0.316188862938169946E+00    0.503848870069962484E+00    0.408982154066602011E+01   -0.129792985079637191E+02
    0.130971198122373857E-03    0.143240861693106112E+02    0.314870613520698983E+01    0.314420287003298160E+01   -0.135014933243992772E+02   -0.147899220897842243E+01    0.156646517176005196E+01   -0.115555020045006618E+00    0.934837515744404213E+00    0.480575937541701026E+00    0.394474278552362589E+01   -0.133924533902309548E+02
    0.235931819726427187E-03    0.129802886497338186E+02    0.316399454154588256E+01    0.175036726625663969E+00   -0.152374362921614779E+02   -0.123704671152935974E+01    0.170296109167924170E+01    0.781349100278323494E-01   -0.512489867562807122E+00    0.525568958900380467E+00    0.279963529962618951E+01   -0.106601777602066399E+02
    0.264017763151828803E-03    0.125886749396131616E+02    0.422260490006437905E+01    0.276470039229044628E+01   -0.128282624334484119E+02   -0.830650542507199274E+00    0.177536830526263723E+01   -0.644886469289378317E+00   -0.542698191941082264E+00    0.505977373152102672E+00    0.452993220549406139E+01   -0.113319752802245759E+02
    0.339436773695210418E-03    0.119194656519196993E+02    0.425934239583671115E+01    0.180512672261953355E+01   -0.149105691909790039E+02    0.205084323883056641E+00    0.978982448577880859E-01    0.514227986335754395E+00   -0.582041859626770020E+00    0.482455294466018703E+00    0.423162248842000999E+01   -0.121229107379913330E+02
    0.994260374347444124E-02    0.499820595463280704E+01    0.899696133359670691E+00    0.235176620305359352E+01   -0.127723977565765381E+02    0.197295665740966797E+00    0.345213413238525391E-01    0.760499000549316406E+00    0.763517022132873535E+00    0.378336270723342916E+00    0.495642782852113228E+01   -0.127679443359375000E+02
    0.186991560131532057E-01    0.356824037303542285E+01    0.594559465327447967E+01    0.540642334511907841E+01   -0.126936808573565223E+02    0.134162210322719000E+01   -0.968285599656569573E+00   -0.339912723581201059E+00    0.300086705166182410E+00    0.335924466003125644E+00    0.227808327039154213E+01   -0.136842314041180888E+02
    0.182035441428956418E-01    0.345529786957817153E+01    0.485845395970779137E+01    0.200158343948410833E+01   -0.120467045401825619E+02    0.135051474937837090E+01    0.159261970097379146E+01    0.486573202881245948E+00    0.994781613228663097E+00    0.351452255022532856E+00    0.401536552455626072E+01   -0.123021181081227660E+02
    0.394111809185420311E-01    0.174376470800423466E+01    0.118808985741825368E+01    0.269455509656465031E+01   -0.132031391319881095E+02   -0.232669443320904890E+00   -0.136548230983171526E+01    0.450962184190744964E+00    0.477136451679491369E+00    0.301589141248722326E+00    0.579146765426254007E+01   -0.118673497099851968E+02
    0.379461116484420893E-01    0.165286307527519627E+01    0.612058720687944202E+01    0.220692884088734909E+01   -0.133430120825745782E+02   -0.332812348196472652E+00    0.666167603505358308E+00   -0.466493026521006104E+00    0.775679920926048316E+00    0.308165400590175553E+00    0.360195938466025645E+01   -0.110667570479788147E+02
    0.473807957069050448E-01    0.104209650059733749E+01    0.346043602392488525E+01    0.374911468099359713E+01   -0.144312655631590463E+02   -0.105085728991743954E+01   -0.205139268021481413E+00   -0.205278415751676047E+00    0.740409481452938056E+00    0.270966650179576218E+00    0.721682966884594990E+00   -0.113649779027189162E+02
    0.493629882002116493E-01    0.793461986079385340E+00    0.418418950969936976E+01    0.139561194515992937E+01   -0.159896631419881210E+02   -0.993400628617233661E-01   -0.154656703531767015E+01    0.530632990519719572E+00   -0.494599414416074357E+00    0.252180166743667500E+00    0.367147178286923825E+01   -0.114491687368173700E+02
    0.509271832557095031E-01    0.564403486393723175E+00    0.564728981182113543E+01    0.319823172464839178E+01   -0.141740854180587750E+02   -0.129243588894191586E+01    0.834398505190777851E+00   -0.185625332032722912E+00    0.654219303070413094E+00    0.224626773584847728E+00    0.332043083937673433E+01   -0.121736632110956862E+02
    0.472835729808938204E-01    0.546204604271055438E+00    0.587835733723521248E+01    0.317219187255680568E+01   -0.156678848266601562E+02   -0.141265654563903809E+01   -0.597754955291748047E+00   -0.420535922050476074E+00   -0.173388242721557617E+00    0.207866161728501336E+00    0.203452181145608435E+01   -0.139759724140167236E+02
    0.445516104788808084E-01    0.498567213048830615E+00    0.564532978863353740E+01    0.250682951876841909E+01   -0.147517742265112872E+02   -0.786486150318085109E+00    0.377886267104628359E+00   -0.103342134522945495E+00    0.210899404779378852E+00    0.226326123477144980E+00    0.260809240123277020E+01   -0.112659260432026933E+02
    0.414387170975741848E-01    0.476765873942745833E+00    0.459737461517803236E+01    0.497603049068411263E+01   -0.131228619240439510E+02   -0.926387162493349958E+00   -0.121788081073896493E+00   -0.881589600646138116E+00   -0.130539895690461760E+00    0.204580462441634359E+00    0.177808413109884911E+01   -0.134833292542571819E+02
    0.386106055633725770E-01    0.451476497559501977E+00    0.570090239652333786E+01    0.338083116377683712E+01   -0.155513811394896120E+02    0.362680583945635515E+00   -0.561357712638420381E+00    0.480309797303560604E+00   -0.910201815144279003E+00    0.230919361336055534E+00    0.165194222330371487E+01   -0.102985104995863583E+02
    0.363843602595494212E-01    0.403585781189558623E+00    0.279120135408701353E+01    0.131897347514735896E+01   -0.151554063115011264E+02    0.101056253903918014E+01   -0.142261486382337599E+01    0.810004152481319961E+00   -0.633815630081011605E+00    0.221108713939089013E+00    0.225267397539004532E+01   -0.106200052404785001E+02
    0.383237991538240771E-01    0.133054970679679974E+00    0.558499333530856035E+01    0.510442410592899432E+01   -0.147439414188597517E+02   -0.169045281700158245E+01   -0.505387086022528020E+00   -0.671780555728646700E+00   -0.727326729398206862E+00    0.158872747764743055E+00    0.223243005247467563E+01   -0.118131143357726227E+02
    0.359850413089384882E-01    0.923238202640034589E-01    0.401741073634909984E+01    0.791019318108738601E+00   -0.128627416583454703E+02   -0.634646810581373177E+00    0.150824791001108816E+01   -0.229186419604422209E+00    0.369225744201943318E+00    0.133652645239439205E+00    0.341598125433671740E+01   -0.139040408610735202E+02
    0.332953176907417603E-01    0.810302649886728010E-01    0.609555889541506168E+01    0.377625307373018604E+01   -0.146320627911935706E+02   -0.127015213358155021E+01    0.343376756576496689E+00   -0.761525420496425243E+00   -0.280395346569598525E+00    0.133407486408981479E+00    0.766300468269802582E+00   -0.130746595292075813E+02
    0.306938972665055550E-01    0.770694552960102669E-01    0.455216257046271355E+01    0.167608540112507964E+01   -0.142607203155694826E+02    0.894488076379762020E+00   -0.490521699420320978E+00    0.719089477591109194E+00    0.913854174541366415E-01    0.128180477274995180E+00    0.260633442195966536E+01   -0.138049015455673114E+02
    0.291990741186932239E-01    0.102564850646966032E-01    0.495623947859493175E+01    0.421505927165919303E+01   -0.152479449837071552E+02   -0.367365125874166143E+00   -0.937330708485084596E+00    0.651753651075507312E+00   -0.987423491622637539E+00    0.870003856317470847E-01    0.272726785252622195E+01   -0.109393017332823206E+02
    0.292501238169117737E-01    0.444859341424550490E-02    0.425074295903027100E+01    0.558771419972539007E+01   -0.130724022388458252E+02    0.476215839385986328E+00    0.401475429534912109E-01    0.357563972473144531E+00    0.124472498893737793E+00    0.655133124041557408E-01    0.502177223812937723E+00   -0.127018318176269531E+02
    0.292682777331054050E-01    0.320769029350807637E-02    0.626547437572555932E+00    0.255320603773465304E+01   -0.130083196113600685E+02   -0.516447218191087742E+00   -0.813672496329903350E+00    0.399229503191491197E+00   -0.231655808860039891E+00    0.620586783440827405E-01    0.404383585067548168E+01   -0.120181405516472086E+02
    0.293115140314576250E-01    0.255388491065963177E-03    0.445305800791917150E+01    0.325668659048602260E+00   -0.145877538273030378E+02   -0.165194823053489759E+01    0.194863729380903994E+01    0.461911347983809950E+00    0.228595981690100647E-01    0.342873724801334365E-01    0.397210807118675469E+01   -0.111118408085124187E+02
    0.293148138146307018E-01    0.302484696592250095E-04    0.397942052110860400E+01    0.373095445082305721E+01   -0.126498105649626318E+02    0.947042415843117880E-01    0.600302530836423376E+00    0.377300329056422523E+00   -0.227003367907766873E+00    0.184434514368760141E-01    0.273317977343880880E+01   -0.132256090289480479E+02
    0.293152425636188686E-01    0.997330250687713678E-06    0.289692304407587553E+01    0.301521859366318590E+00   -0.156420861788880856E+02   -0.121960455113790989E+01    0.106505047637300709E+01    0.890995290146634256E+00   -0.383205269136112081E+00    0.889173620829955894E-02    0.209337336894934944E+01   -0.103240120578999441E+02
    0.291846544776426485E-01    0.893012777262266501E-02    0.443769556625840167E+01    0.846464486923457105E+00   -0.130084014530563685E+02    0.136380635321005483E+01    0.126666540208704292E+01    0.663774275061252972E+00    0.154822347437324703E+00    0.854817437731568708E-01    0.189866803738490342E+01   -0.105668828396100274E+02
    0.292461671297846171E-01    0.471915327841126130E-02    0.543643541212354631E+01    0.353166202764864678E+01   -0.137197091657999071E+02   -0.326634538203538050E+00    0.967501958162831688E+00   -0.947693422937694319E-01   -0.337325517983371514E+00    0.662211599229829001E-01    0.115618411335789384E+01   -0.128096037905309164E+02
    0.293148073975648057E-01    0.306862733338099898E-04    0.301828838179300041E+01    0.544057120178550946E+01   -0.121577417359560744E+02    0.735213309647134494E+00    0.673159702733383991E+00    0.944035810076062631E+00    0.318780062483624560E+00    0.202289960199241864E-01    0.149849973450797425E+01   -0.110705432079606556E+02
    0.291690892287570711E-01    0.999708582988395253E-02    0.247073557999697879E+01    0.204074461530922846E+00   -0.151229530040423814E+02   -0.128709677503032727E+01    0.187237177739912664E+00    0.167235314515168376E+00   -0.299916507093392681E+00    0.835396815329952774E-01    0.237149124164040614E+01   -0.117106551822249898E+02
    0.293152453578396817E-01    0.806697635558131120E-06    0.449962753044138353E+01    0.564597254794050674E+01   -0.134031042295817819E+02   -0.180761944303219124E+01    0.691030275577397823E-01   -0.205350002312973845E+00    0.437240975054100867E+00    0.764786150376006203E-02    0.292839052749214979E+01   -0.125552975477726907E+02
    0.293144299545740027E-01    0.564374519502355184E-04    0.278324964534857111E+01    0.102842185736463154E+01   -0.154233242844880785E+02   -0.170472789390314117E+01    0.136031150410370305E+01    0.732765788985585864E+00    0.311156851037099447E+00    0.228613534368186135E-01    0.159613235557123723E+01   -0.117521773962632743E+02
    0.293151003079472512E-01    0.107025896537855903E-04    0.490491840961447156E+01    0.549456078519573499E+01   -0.149277968574253084E+02   -0.127464436808645054E+01    0.344064233469919323E+00    0.989853183606577147E+00   -0.484200056557637648E+00    0.159032189373463952E-01    0.275789834656251509E+01   -0.105764163684842547E+02
