    0.196178896493539368E+01    0.241013284619913604E+01    0.467600576867788220E+01    0.111922879327586267E+01    0.262932302406404084E+01    0.279113453245854407E+04    0.157241010319762864E+03    0.285724403381109493E+01    0.162171939328551340E+01    0.765114273308221904E+00    0.325112919701629943E+01    0.494863201434917954E+01    0.868228540387614735E-10   -0.433197216094905357E+01
    0.513044105281315055E+01    0.549675102125396187E+01    0.476818142910100562E+01    0.439676354406722680E+01    0.349815320958881548E+01    0.471264457643265644E+03    0.193250838039083789E+03    0.559532860520151765E+01    0.707729020114317109E+01   -0.343104522503338227E+00    0.536462801360725217E+00    0.354181436250199688E+01    0.686317259173440041E-10   -0.336911772665797082E+01
    0.322628175139050732E+01    0.524087755352862761E+01    0.392468491691503774E+01    0.600634435325218607E+01    0.303793683603790710E+01    0.375274203145825459E+04    0.102957425342674085E+03    0.751546470241296038E+01    0.659827774011340207E+01   -0.163405282330477664E+01    0.342787125045497199E+01    0.170726425278841987E+01    0.134562411823428277E-10   -0.323496474252796729E+01
    0.449828408603832219E+01    0.535604971634897264E+01    0.283876883177785855E+01    0.123281039370772638E+01    0.205910562978399181E+01    0.261386284319184824E+04    0.128486787524448260E+03    0.484710132130020366E+01    0.535319621196939988E+01    0.117103710970525121E+01    0.243726934580620025E+01    0.489326821484447549E+01    0.345368847469417623E-10   -0.312761901753619798E+01
    0.514917408247619335E+01    0.358920448139858728E+01    0.554001595630049248E+01    0.289272832898616494E+01    0.614253383074000325E+01    0.367207877301242434E+04    0.818036058632138605E+02    0.771897685986849957E+01    0.543192273203942655E+01   -0.164380097863872665E+01    0.257078773473342492E+01    0.164643950206312439E+01    0.365753333519464664E-10   -0.293151062429474063E+01
    0.579901610556320168E+01    0.517790786043065943E+01    0.220798557860131428E+01    0.409527674946906650E+01    0.372497092811730823E+01    0.773270700129541092E+04    0.159017655937066274E+04    0.854030653249897398E+01    0.239588796035172180E+01   -0.369171227507831823E-01    0.465885492443162907E+00    0.361214940157828046E+01    0.669834434043207536E-10   -0.292672123114942062E+01
    0.546921712143242456E+01    0.602495490969263869E+01    0.319950004111584985E+01    0.449661458929990143E+01    0.243149451063735045E+01    0.505862639419989318E+04    0.855007392708093903E+02    0.533558950208426985E+01    0.978461614865011242E+01    0.139258166888471369E+00    0.361701261774704985E+01    0.272648279322005171E+01    0.978640699216629383E-11   -0.287187138583620349E+01
    0.506718303064777409E+01    0.417542047833660401E+01    0.250045462516363282E+01    0.194600270476832637E+01    0.932070732233876820E+00    0.589643124066742075E+04    0.489121368331396766E+02    0.348554489745456575E+01    0.812400900456172970E+01   -0.952195222611184278E+00    0.250584903487793698E+01    0.369550469938343529E+01    0.547594615213261212E-10   -0.275127690324986984E+01
    0.359913882671996932E+01    0.802681794360498468E+00    0.253309838492100425E+01    0.980916472625396163E+00    0.685378965047850341E+00    0.628424947825675190E+04    0.582215721604739898E+02    0.275788560751552003E+01    0.967631813328927848E+01   -0.367799879943380148E+00    0.458577048526161946E+01    0.345266316742312984E+01    0.617782297192059848E-10   -0.269170119903688221E+01
    0.267378314873547707E+01    0.343518653715037470E+01    0.304511298972601985E+01    0.448432592723591572E+01    0.491523302527669426E+01    0.280966732275350932E+04    0.114723292344537896E+03    0.279215579756093035E+01    0.833461208428395395E+01   -0.931002361791184674E+00    0.668297856747914421E+00    0.439455958862989959E+01    0.565681896416502758E-10   -0.266693217270522664E+01
    0.476806477916725324E+01    0.308727159502543413E+01    0.455697437613464906E+01    0.127406962153723047E+01    0.270086346538107813E+01    0.298476478291816102E+04    0.100258180938051105E+02    0.472766747257090536E+01    0.321513323115995897E+01   -0.157585014835809734E+01    0.222805810444456132E+01    0.447693860923401576E+01    0.379434044657909872E-10   -0.258427217746159954E+01
    0.187515719112378565E+01    0.599160996290260961E+01    0.532363058584016002E+01    0.438094694175782706E+01    0.447071201210369917E+01    0.584423618582212021E+04    0.171733727853171181E+01    0.673528561776654211E+01    0.627911325279952415E+01    0.702909652785018046E+00    0.180543814666984836E+01    0.327022003908238501E+01    0.834807997177641933E-10   -0.255507112105753142E+01
    0.285070349493647601E+01    0.105427006626762010E+01    0.335474878203585991E+01    0.364836212782328584E+01    0.449933712348614456E+01    0.232278705566271901E+04    0.111908123701566922E+03    0.722156980411574256E+01    0.506422532456120145E+01    0.634604715213457293E+00    0.564741248805722140E+01    0.287085461807756515E+01    0.110382038647068724E-10   -0.249571632001623822E+01
    0.273668614936878951E+01    0.284823681953680330E+01    0.596717930270152497E+01    0.204374939392694088E+01    0.463592290915287375E+01    0.245664668101046709E+04    0.900641867740401381E+02    0.392998392667638008E+01    0.335427401720606966E+01   -0.162737630412977019E+01    0.863084212654995908E+00    0.517166368857127257E+01    0.685893873236365544E-10   -0.246722926211397553E+01
    0.213928078149570133E+01    0.115141441783502829E+01    0.285506449762702363E+01    0.348587925815773714E+01    0.463766427932924241E+01    0.459489471270726608E+04    0.430467297527380595E+02    0.239266411729667361E+01    0.615557075755683414E+01    0.125482796554926201E+01    0.297612492127506689E+01    0.388952830514638048E+01    0.923219300513551725E-10   -0.241605026765436381E+01
    0.532235644176411782E+01    0.262731635193079782E+01    0.348937782028925358E+01    0.659414566341654518E+00    0.791797235989799786E+00    0.479542471923677294E+04    0.123412867431031327E+04    0.433979625335839891E+01    0.240112434893619842E+01    0.903631173398093956E-01    0.373608448062981147E+01    0.372995834319569219E+01    0.539976974982116999E-10   -0.240110856870556955E+01
    0.362517193860393716E+01    0.578572711002199735E+01    0.624303721988093674E+01    0.528421638603585997E+01    0.612091757022961813E+00    0.140538395889825006E+04    0.127580198163433067E+03    0.890649164763143730E+01    0.844080988533209364E+01   -0.179154072871575409E+01    0.332684659046821540E+01    0.715027778022770066E+00    0.609686375439803296E-10   -0.224734483501096749E+01
    0.422278092149910833E+01    0.413599239856528822E+01    0.282006640459340030E+01    0.407156478052579018E+01    0.281090118572393388E+01    0.171491624740334692E+04    0.121256242954805089E+03    0.787428894364593202E+01    0.858585801289762784E+01   -0.137075064440064232E+00    0.371562119317321304E-01    0.535802663939653456E+01    0.297163025670094910E-10   -0.223142352386574627E+01
    0.607960219817504832E+01    0.263349018064532370E+01    0.292024584544332821E+01    0.348717702510584360E+01    0.261860206379002047E+01    0.115793481442292182E+04    0.128341989740470240E+03    0.514598914573218291E+01    0.968801158897202086E+01   -0.119855946360281451E+01    0.450767614511500270E+01    0.151264719070343667E+01    0.289048598512666244E-10   -0.220600292251331842E+01
    0.310317051120930332E+01    0.495574063739796777E+01    0.527522143576986657E+01    0.267231885105786038E+01    0.576898650529118762E-01    0.409218970773610636E+04    0.683337483652924504E+02    0.554533209496172041E+01    0.836628243410985561E+01   -0.129885567092584253E+00    0.445652806579558813E+01    0.211707696380484611E+01    0.580562567620318689E-10   -0.213358875914841484E+01
    0.397474608084706871E+01    0.505572675439206431E+01    0.560617742127745622E+01    0.362272855462937571E+01    0.366441226359786443E+01    0.389804925202186666E+03    0.211010799256829984E+03    0.396990284916859437E+01    0.298742831974381495E+01   -0.116562876086117706E+01    0.259454446943200434E+01    0.362475844519531654E+01    0.258942058656765301E-10   -0.210832798443315506E+01
    0.450113620477794552E+01    0.181498698150173965E+01    0.399661115148105894E+01    0.252862598504735825E+01    0.497866283952156596E+01    0.144161005531884393E+04    0.129575368732031080E+03    0.618625451528349402E+01    0.509140762939044222E+01    0.975442477853238454E+00    0.483737138684084833E+01    0.495776497532323646E+01    0.586931991079024908E-10   -0.205576891070127887E+01
    0.384667420731878318E+01    0.269743211518717718E+01    0.401822732170086550E+01    0.463438826432852724E+00    0.851102565785578746E+00    0.260713135501508623E+04    0.688016946710207691E+02    0.459881631536272639E+01    0.498925977509345397E+01    0.200807629705956447E+00    0.492705204752869275E+01    0.346830966347520686E+01    0.946569369204009220E-10   -0.193314665695737897E+01
    0.452551620171611368E+01    0.428472897406903996E+01    0.385768837043693535E+01    0.420082801568868813E+01    0.413779036207665829E+01    0.474915910063746014E+04    0.491085566731839940E+01    0.904356438445713628E+01    0.597815182796729072E+01    0.834719344621381865E+00    0.557142650572433773E+01    0.169129666512136323E+01    0.930289802740450857E-11   -0.191132638221336570E+01
    0.419495436496441254E+01    0.100927126425148539E+01    0.165058837634744426E+01    0.193964248821671337E+01    0.326319762276309033E+01    0.302334358577965622E+04    0.762188782621541634E+02    0.717766811545523709E+01    0.799597174483373152E+01    0.133312254317374768E+01    0.561912308949603911E+01    0.514742591393093729E+01    0.129634083578399527E-10   -0.175602821888092442E+01
    0.344447927045280844E+01    0.552733071804813389E-01    0.362072624051669667E+01    0.119322449419045684E+01    0.346544935272678778E+01    0.190462297969225938E+04    0.983605908375790676E+02    0.657016228448370221E+01    0.765878458375855153E+01   -0.249178991434284569E+00    0.462321059190319605E+01    0.599882442482780132E+01    0.488095243246962889E-10   -0.174981574068323953E+01
    0.405154790413484811E+01    0.432797039840716558E+01    0.299428193674532306E+01    0.359236495464320571E+01    0.193282804155928223E+01    0.990931307277502469E+03    0.250773653390149434E+03    0.773476805349098573E+01    0.297295441360376111E+01   -0.664966398218071131E+00    0.549599645564584183E+00    0.587907511437736563E+01    0.549801706453557302E-10   -0.174923561017500462E+01
    0.308670441829723252E+00    0.263539199398815605E+01    0.586339863617110790E+01    0.544851079298598773E+01    0.517839098988315705E+01    0.742188825053151504E+03    0.153732872245429888E+03    0.588657606196594241E+01    0.483592762141203991E+01   -0.613890045516648719E+00    0.525881206124578693E+01    0.100663039856451308E+01    0.735823115854964698E-10   -0.171903113679338637E+01
    0.392928195727638840E+01    0.431561799633589782E+01    0.375106823446181181E+01    0.119316629954529452E+01    0.230799557936020339E+01    0.198853602702620242E+04    0.973753153227080332E+02    0.492242050768606720E+01    0.972230423724458603E+01    0.226433653981829242E+00    0.192532458822619224E+01    0.418690889489471463E+01    0.228945939667633728E-10   -0.171813984086482829E+01
    0.280326133318824233E+01    0.264897880518288220E+01    0.498784935717859579E+01    0.845687999673265134E+00    0.479032055421362912E+01    0.368716368833288880E+04    0.333428578830628055E+02    0.231620204832006449E+01    0.623551474771265468E+01    0.268082464657090735E+00    0.502008490616363279E+01    0.253132779208738334E+01    0.888163204622207506E-10   -0.170682158023390729E+01
    0.280326133318824233E+01    0.264897880518288220E+01    0.498784935717859579E+01    0.845687999673265134E+00    0.479032055421362912E+01    0.368716368833288880E+04    0.333428578830628055E+02    0.231620204832006449E+01    0.623551474771265468E+01    0.268082464657090735E+00    0.502008490616363279E+01    0.253132779208738334E+01    0.888163204622207506E-10   -0.170682158023390729E+01
    0.466888162167686360E+01    0.461271782150436582E+01    0.325034197570596506E+01    0.449660494874094763E+01    0.324753245329122064E+01    0.609314566731859122E+04    0.235683382526790624E+02    0.765580403516823882E+01    0.920944644135662394E+01   -0.111048549487810289E+01    0.192863480987968261E+01    0.267655468950288045E+01    0.114124085653866873E-10   -0.163526211838178592E+01
    0.429364506984751504E+01    0.201542332709470973E+01    0.232707700991767652E+01    0.175578000615752294E+00    0.566705123501104069E+01    0.551714064754530409E+04    0.276344545121699348E+02    0.881032146199708599E+01    0.907134226438211755E+01    0.168661117292485940E+01    0.328362414022433313E+01    0.349184383249645380E+01    0.692658388850250411E-10   -0.152547243648188235E+01
    0.429364506984751504E+01    0.201542332709470973E+01    0.232707700991767652E+01    0.175578000615752294E+00    0.566705123501104069E+01    0.551714064754530409E+04    0.276344545121699348E+02    0.881032146199708599E+01    0.907134226438211755E+01    0.168661117292485940E+01    0.328362414022433313E+01    0.349184383249645380E+01    0.692658388850250411E-10   -0.152547243648188235E+01
    0.138611274275481566E+01    0.457343019838465192E+01    0.218317384972457962E+01    0.404731787383321517E+01    0.340987473665308460E+01    0.505376204525394769E+04    0.321585393789436722E+02    0.687813594183688259E+01    0.889750826429205333E+01   -0.296845662391010068E+00    0.148796306479583063E+01    0.416970206699859247E+01    0.491280684251021453E-10   -0.149996608742929749E+01
    0.138611274275481566E+01    0.457343019838465192E+01    0.218317384972457962E+01    0.404731787383321517E+01    0.340987473665308460E+01    0.505376204525394769E+04    0.321585393789436722E+02    0.687813594183688259E+01    0.889750826429205333E+01   -0.296845662391010068E+00    0.148796306479583063E+01    0.416970206699859247E+01    0.491280684251021453E-10   -0.149996608742929749E+01
    0.409383933935898980E+01    0.600735070565244378E+01    0.349759927011138538E+01    0.575404915515088611E+01    0.150217232633805020E+01    0.242471469769117493E+04    0.786110770263828726E+02    0.988985638067061146E+01    0.842714037042746966E+01   -0.115394894101543311E+01    0.180293000382548230E+01    0.308037789686094010E+01    0.710186230115182710E-11   -0.148454255194938978E+01
    0.409383933935898980E+01    0.600735070565244378E+01    0.349759927011138538E+01    0.575404915515088611E+01    0.150217232633805020E+01    0.242471469769117493E+04    0.786110770263828726E+02    0.988985638067061146E+01    0.842714037042746966E+01   -0.115394894101543311E+01    0.180293000382548230E+01    0.308037789686094010E+01    0.710186230115182710E-11   -0.148454255194938978E+01
    0.600110201885988293E+01    0.463019316792835500E+01    0.472418452447604675E+01    0.192699776232560849E+01    0.597768653471384681E+01    0.185428994548955643E+04    0.711039791027847912E+02    0.738450937849577116E+01    0.423245115089899304E+01   -0.906437340027874683E-01    0.227141789406575034E+01    0.277580207111284016E+01    0.428782799717897295E-10   -0.147913777070212249E+01
    0.521800517004741859E+01    0.412029533092546796E+01    0.488523032712583039E+01    0.163208029880970473E+01    0.142421193710867788E+01    0.507154076085575707E+04    0.379567991820622623E+02    0.673181013335574363E+01    0.981701574100448582E+01    0.581381986459187150E+00    0.292338059262488459E+01    0.265448369466484513E+01    0.226884215740691040E-10   -0.146866373768752667E+01
    0.490801689234538419E+01    0.327097143826066494E+01    0.233142607147586878E+01    0.524226961351693088E+01    0.258267853228249322E+01    0.360843584834811600E+04    0.460183464746756030E+02    0.517374427608798726E+01    0.757186712981187604E+01   -0.882602002474408787E+00    0.181156889778746955E+01    0.380646067707997027E+01    0.483045732655672022E-10   -0.146439716577013823E+01
    0.335004104019515614E+01    0.352041689282165748E+01    0.221104400069557183E+01    0.304653690229715801E+01    0.248468373050229241E+01    0.554983778872757057E+03    0.105432287698156472E+03    0.357708954041532634E+00    0.925803701699155823E+01   -0.375501075671342388E+00    0.443049137704801410E+01    0.386312396319395290E+01    0.564970812882106574E-10   -0.145825673780118326E+01
    0.170778476959345088E+00    0.162005266748266608E+01    0.332825613442704471E+01    0.306963370414942460E+01    0.157454597345833269E+01    0.645496437059786967E+04    0.150876044472044715E+02    0.276910365403241432E+01    0.992517915940557138E+01   -0.438648636832892347E+00    0.532068849102281227E+01    0.266722198571972902E+01    0.717894484178466510E-10   -0.140737460332291708E+01
    0.429840573287983752E+01    0.356965234292011813E+01    0.431366084104659642E+01    0.422517974107956285E+01    0.162467805374076324E+01    0.358638495978279298E+04    0.344526782541705856E+02    0.384908123646102407E+01    0.731150507801087990E+01    0.426280032811793497E+00    0.171470824227849361E+01    0.305314995630337993E+01    0.771417879158242683E-10   -0.128547072303090792E+01
    0.429840573287983752E+01    0.356965234292011813E+01    0.431366084104659642E+01    0.422517974107956285E+01    0.162467805374076324E+01    0.358638495978279298E+04    0.344526782541705856E+02    0.384908123646102407E+01    0.731150507801087990E+01    0.426280032811793497E+00    0.171470824227849361E+01    0.305314995630337993E+01    0.771417879158242683E-10   -0.128547072303090792E+01
    0.223917650738333984E+01    0.589591404272126507E+01    0.234092879074966342E+01    0.467938078256793144E+01    0.144694106224319530E+01    0.397039973260044053E+04    0.361719843657731417E+02    0.180285593145130796E+01    0.800399837855539253E+01   -0.498297694814568981E+00    0.242734345694788978E+01    0.392884417267699693E+01    0.580929062626088229E-10   -0.126843406374400702E+01
    0.261768599312886918E+01    0.394258846763560333E+01    0.623474192432944663E+00    0.303607371906514345E+01    0.272413549663394816E+00    0.260443494965536729E+04    0.486123182942436998E+02    0.665084661174584468E+01    0.661089299976007094E+01    0.606509014086635823E-01    0.386435688482424711E+01    0.325759311118087425E+01    0.524019624960753770E-10   -0.118439986333829528E+01
    0.261768599312886918E+01    0.394258846763560333E+01    0.623474192432944663E+00    0.303607371906514345E+01    0.272413549663394816E+00    0.260443494965536729E+04    0.486123182942436998E+02    0.665084661174584468E+01    0.661089299976007094E+01    0.606509014086635823E-01    0.386435688482424711E+01    0.325759311118087425E+01    0.524019624960753770E-10   -0.118439986333829528E+01
    0.241173810237760211E+01    0.355905109792749608E+01    0.385122016934533340E+01    0.520318567979090929E+00    0.150975673945217825E+01    0.130742524977344874E+04    0.858787539174317374E+02    0.237439588884143449E+01    0.540631258942727655E+01   -0.136164977353742467E+01    0.237097649467282823E+01    0.449646815922722620E+01    0.803072790899904697E-10   -0.117655498038892814E+01
    0.848984209431165149E+00    0.176168250799552917E+01    0.272945123451803973E+01    0.346231357618940416E+01    0.263301627251191084E+01    0.125599984105918179E+04    0.908443042148167308E+02    0.530407951140848066E+01    0.550449979617646257E+01    0.133529884564249324E+01    0.238117491852027419E+01    0.426876336997557004E+01    0.744773477926802124E-10   -0.116950427850890160E+01
    0.451937995287480287E+01    0.173389884455779097E+01    0.415970882266378794E+00    0.267924233056255146E+01    0.497452815463949793E+01    0.498053634023549421E+04    0.395532657401271681E+01    0.741605113217852052E+00    0.841048573839265146E+01    0.217504494857866604E+00    0.265502247484576692E+01    0.488463447846143861E+01    0.322918336753839332E-10   -0.116829790263783551E+01
    0.177534791311058426E+01    0.490931671177192808E+01    0.484592648437997742E+01    0.311388587215163026E+01    0.328334570021160088E+01    0.218395387930477227E+04    0.382447421792718316E+02    0.323401250978885191E+01    0.468507106997805778E+01   -0.118562170675325040E+00    0.296745014041865174E+01    0.360985198516994688E+01    0.655531885594527127E-10   -0.115802256012930949E+01
    0.181082283717801718E+00    0.367699328545347282E+01    0.344137041692603685E+01    0.449360982566753453E+01    0.303331259224287164E+01    0.328384805917199446E+04    0.363336621817323788E+02    0.561464323841802404E+01    0.772437189578261396E+01   -0.516316540598582341E+00    0.327317120926640337E+01    0.350507928957915915E+01    0.706433383950887468E-10   -0.107956775596622467E+01
    0.181082283717801718E+00    0.367699328545347282E+01    0.344137041692603685E+01    0.449360982566753453E+01    0.303331259224287164E+01    0.328384805917199446E+04    0.363336621817323788E+02    0.561464323841802404E+01    0.772437189578261396E+01   -0.516316540598582341E+00    0.327317120926640337E+01    0.350507928957915915E+01    0.706433383950887468E-10   -0.107956775596622467E+01
    0.153410612243473055E+01    0.849984740671373279E-01    0.373902488531602284E+01    0.544460885816559825E+00    0.463234248275126159E+01    0.280093952150193991E+04    0.327917698824134121E+02    0.482740603378689848E+01    0.641811145654600246E+01   -0.170435244001891917E-01    0.598533680818620439E+01    0.434698235937361854E+01    0.804383894910666043E-10   -0.102823481953956120E+01
    0.497599784193011097E+01    0.424472249083900799E+01    0.279018960205800770E+01    0.401567772319272631E+01    0.683814035395719166E+00    0.264715822167511715E+04    0.418793330865045164E+02    0.585548877685317848E+01    0.703439990109675950E+01   -0.527572545872206256E+00    0.152497512336700169E+01    0.382219596997125377E+01    0.663362210509186762E-10   -0.100195705868609153E+01
    0.497599784193011097E+01    0.424472249083900799E+01    0.279018960205800770E+01    0.401567772319272631E+01    0.683814035395719166E+00    0.264715822167511715E+04    0.418793330865045164E+02    0.585548877685317848E+01    0.703439990109675950E+01   -0.527572545872206256E+00    0.152497512336700169E+01    0.382219596997125377E+01    0.663362210509186762E-10   -0.100195705868609153E+01
    0.225157395677668637E+01    0.430911270524269518E+01    0.383487659655233681E+01    0.458580608751077623E+01    0.153005920304346410E+01    0.156292084917647185E+04    0.725008924693324275E+02    0.799012134183221345E+01    0.862457553864415161E+01   -0.185040938831640589E+01    0.338769369712197843E+01    0.316278334595492572E+01    0.946430711417515468E-12   -0.986239046977772871E+00
    0.255441161805175687E+01    0.164904772683243328E+01    0.235438038445338149E+01    0.270440384393131428E+01    0.516081647382226549E+01    0.196344676136885278E+04    0.599380234288621310E+02    0.899848528674678860E+01    0.762979450366428313E+01    0.759977300511555764E+00    0.425140487773537590E+01    0.443777684914732795E+01    0.115293704443412102E-10   -0.959174199773908831E+00
    0.255441161805175687E+01    0.164904772683243328E+01    0.235438038445338149E+01    0.270440384393131428E+01    0.516081647382226549E+01    0.196344676136885278E+04    0.599380234288621310E+02    0.899848528674678860E+01    0.762979450366428313E+01    0.759977300511555764E+00    0.425140487773537590E+01    0.443777684914732795E+01    0.115293704443412102E-10   -0.959174199773908831E+00
    0.578083721880949586E+01    0.323666905360745139E+01    0.422412245388572138E+01    0.190609153031946010E+01    0.214492768424882874E+01    0.704488663547186889E+03    0.978589828257167795E+02    0.912627407714751193E+01    0.531322402650411618E+01    0.105864002092665199E+01    0.452726807841848888E+01    0.252985183630899613E+01    0.244767994878810413E-10   -0.936505686166277607E+00
    0.578083721880949586E+01    0.323666905360745139E+01    0.422412245388572138E+01    0.190609153031946010E+01    0.214492768424882874E+01    0.704488663547186889E+03    0.978589828257167795E+02    0.912627407714751193E+01    0.531322402650411618E+01    0.105864002092665199E+01    0.452726807841848888E+01    0.252985183630899613E+01    0.244767994878810413E-10   -0.936505686166277607E+00
    0.464140555580478509E+01    0.189039157685695791E+01    0.391977885754414457E+01    0.264461703795318215E+01    0.282932376255573281E+01    0.919720359474582210E+03    0.185726104772203172E+03    0.397176877991004229E+01    0.292921447163653692E+01    0.538656059413616717E+00    0.523018009231423697E+01    0.298236241528982893E+01    0.493252246881842407E-10   -0.911647745679609489E+00
    0.285385044954822220E+01    0.216083665057859742E+01    0.536741901980153724E+01    0.263060064726154008E+00    0.526793094484023783E+00    0.100523940362982603E+04    0.799110426880355504E+02    0.778872244156552096E+01    0.683516480465567877E+01   -0.156276091627061797E+00    0.579051209656879440E+01    0.844939544120474895E+00    0.557075647418753469E-10   -0.890266031356802268E+00
    0.377257442153491906E+01    0.106271402819732297E+00    0.204968448413664284E+01    0.445179367304867568E+00    0.584849678169984538E-01    0.102446688695508533E+04    0.884822110596125952E+02    0.134683751398001506E+01    0.469387189926971082E+01   -0.249311215036367440E+00    0.376398151629978539E+01    0.375657715667825931E+01    0.536819247058527797E-10   -0.854996246999254250E+00
    0.377257442153491906E+01    0.106271402819732297E+00    0.204968448413664284E+01    0.445179367304867568E+00    0.584849678169984538E-01    0.102446688695508533E+04    0.884822110596125952E+02    0.134683751398001506E+01    0.469387189926971082E+01   -0.249311215036367440E+00    0.376398151629978539E+01    0.375657715667825931E+01    0.536819247058527797E-10   -0.854996246999254250E+00
    0.129040118272849358E+01    0.156674843495192873E+01    0.149137311397392103E+01    0.435512497027026413E+01    0.491401000114604347E+01    0.432512976138011891E+04    0.269590573667275013E+01    0.250112205546086752E+01    0.792081369517990197E+01    0.159652663759069169E+01    0.243515583617920273E+01    0.479319431335569490E+01    0.884331599337577872E-10   -0.817922189393735510E+00
    0.129040118272849358E+01    0.156674843495192873E+01    0.149137311397392103E+01    0.435512497027026413E+01    0.491401000114604347E+01    0.432512976138011891E+04    0.269590573667275013E+01    0.250112205546086752E+01    0.792081369517990197E+01    0.159652663759069169E+01    0.243515583617920273E+01    0.479319431335569490E+01    0.884331599337577872E-10   -0.817922189393735510E+00
    0.351799794875745864E+01    0.583660473352365150E+00    0.188465661684405150E+01    0.258658535464451500E+01    0.454771640069167926E+01    0.313947450194330213E+04    0.167597911802256299E+02    0.869913442775289703E+01    0.684746253814520944E+01    0.788796047141976597E+00    0.318110572068087949E+01    0.372250575222008306E+01    0.973482769558024207E-10   -0.817575014764400643E+00
    0.959221127694153908E+00    0.162255395873056285E+01    0.287914728265464559E+01    0.517156745563057108E+01    0.391332644448643663E+01    0.552092207204447959E+03    0.898591744487614932E+02    0.602195789528108527E+01    0.611000204260337476E+01    0.106685650488796924E+01    0.315711917037929091E+01    0.486688851965799163E+01    0.474473939321137295E-10   -0.803157627280411623E+00
    0.220758211903281376E+01    0.350956635475017376E-01    0.530021074921962843E+01    0.145681746606666596E+01    0.546357015745047736E+01    0.266625460119520176E+04    0.403644579957617040E+02    0.993065174353992397E+01    0.855183347826869777E+01    0.116420447879320932E+00    0.224893609528131577E+01    0.299672658191272179E+01    0.390098939469263985E-10   -0.802501918645234569E+00
    0.108290065446956585E+01    0.576605056411246419E+01    0.621502174128172946E+01    0.417595058747651393E+01    0.157134083029858385E+01    0.263823860957112583E+04    0.327776207916225246E+02    0.805993065952322141E+01    0.716561884005548677E+01    0.107957875402948167E+01    0.423943155101461766E+01    0.157212668473285655E+01    0.454317832281514446E-10   -0.793936802788005935E+00
    0.108290065446956585E+01    0.576605056411246419E+01    0.621502174128172946E+01    0.417595058747651393E+01    0.157134083029858385E+01    0.263823860957112583E+04    0.327776207916225246E+02    0.805993065952322141E+01    0.716561884005548677E+01    0.107957875402948167E+01    0.423943155101461766E+01    0.157212668473285655E+01    0.454317832281514446E-10   -0.793936802788005935E+00
    0.335164124833042010E+01    0.349476039352493784E+01    0.343566586078332303E+01    0.486489535983925503E+01    0.170066331573094787E+01    0.269781946182427134E+03    0.975010002840041494E+02    0.518757054143363394E+01    0.252039259924588599E+01    0.159915193106371456E+01    0.469333854012237950E+01    0.334421102045728880E+01    0.548163061192152454E-10   -0.787488011793264553E+00
    0.393551704851943862E+01    0.605273390634889985E+01    0.426884983125937545E+01    0.280467006576536138E+01    0.837771509936641873E-01    0.281830116525145058E+04    0.436352035862931800E+02    0.553632410943737607E+01    0.993651229863550078E+01    0.140837879240412889E+01    0.608038751240829267E+01    0.226386313423986030E+01    0.426487094510988957E-10   -0.784830133237542249E+00
    0.164737487062594079E+01    0.587092395274987844E+01    0.407533775732561665E+01    0.380189681370758858E+01    0.101088198656220207E+01    0.361727014607845967E+04    0.241643538785235599E+02    0.362034759233858860E+01    0.877692128084398071E+01    0.797705875592361835E+00    0.537384503106443212E+01    0.142763246892550311E+01    0.493817466438360377E-10   -0.784068835960389898E+00
    0.206279457059963667E+01    0.459714248206079812E+00    0.564605461974720252E-01    0.337145828984319706E+01    0.373612298932116671E+01    0.392523923078218286E+04    0.240016443223738527E+02    0.453705145513833941E+01    0.981242881258316935E+01    0.767732698626206300E+00    0.315466872097305506E+01    0.594661892056602248E+01    0.541254795396148842E-10   -0.774190718435400882E+00
    0.895645509598012257E+00    0.323464056979218606E+01    0.627513834585189745E+01    0.249974081558245853E+01    0.289306854765043475E+01    0.142157316388905747E+04    0.631236604847627589E+02    0.726536070633569864E+01    0.934290226347430242E+01   -0.297035373541298275E+00    0.467999861624946156E+01    0.267213192937261379E+01    0.652197559806050672E-10   -0.763369652128043419E+00
    0.310270966327497488E+01    0.220719313207490248E+00    0.282001250689372984E+01    0.213262026313058062E+01    0.528667522666422940E+01    0.161551019870084906E+04    0.591280651157754278E+02    0.730790830612837228E+00    0.731172645457028203E+01    0.741905285562330707E+00    0.329778240114010401E+01    0.376096535504911422E+01    0.685024104856135599E-10   -0.738331382543794379E+00
    0.361889845372468733E+01    0.398988355442436671E+01    0.498525657197840388E+01    0.104729668255589803E+01    0.357939039215412436E+01    0.257851225857176451E+04    0.403962176049856154E+02    0.768781425692795040E+01    0.916278967122944721E+01   -0.131817732116351749E+01    0.415314571871866142E-01    0.498751090459050683E+01    0.478487633571676752E-10   -0.709119448393896623E+00
    0.361889845372468733E+01    0.398988355442436671E+01    0.498525657197840388E+01    0.104729668255589803E+01    0.357939039215412436E+01    0.257851225857176451E+04    0.403962176049856154E+02    0.768781425692795040E+01    0.916278967122944721E+01   -0.131817732116351749E+01    0.415314571871866142E-01    0.498751090459050683E+01    0.478487633571676752E-10   -0.709119448393896623E+00
    0.257364239031035202E+01    0.110883354891361563E+01    0.115294620553985228E+01    0.290874403692100048E+01    0.204434267575180728E+01    0.144867574034215681E+04    0.516081148633100568E+02    0.177915241606216279E+01    0.617760284853427599E+01   -0.923194381302534506E-01    0.365956356005215389E+01    0.515654465316794131E+01    0.341141168238296039E-10   -0.703450157842996360E+00
    0.119287969914762715E+01    0.246458157678814072E+01    0.603448948301172017E+01    0.186300694661925870E+01    0.343131289484238966E+01    0.264307085874716131E+04    0.303329009301061774E+02    0.262572777388496181E+01    0.789634215285290342E+01   -0.713818051608090087E+00    0.225033349704751284E+01    0.471189295699681754E+01    0.974888017114551143E-10   -0.699975087568512455E+00
    0.119287969914762715E+01    0.246458157678814072E+01    0.603448948301172017E+01    0.186300694661925870E+01    0.343131289484238966E+01    0.264307085874716131E+04    0.303329009301061774E+02    0.262572777388496181E+01    0.789634215285290342E+01   -0.713818051608090087E+00    0.225033349704751284E+01    0.471189295699681754E+01    0.974888017114551143E-10   -0.699975087568512455E+00
    0.232148706454578679E+01    0.506105421798752975E+01    0.491342275275661500E+01    0.176245153179261527E+01    0.201409002090466682E+01    0.217821225464983399E+04    0.189746075782272214E+02    0.884355388254259900E+01    0.546826937917696476E+01   -0.113441583264870527E-01    0.295805554068087639E+01    0.474298347708835433E+01    0.479805116020630240E-10   -0.699470740966027460E+00
    0.373022729292818056E+01    0.263364004824893128E+01    0.535438538868700764E+01    0.473740861465938023E+00    0.421257573156497855E+01    0.112430690315079028E+04    0.571645939760161781E+02    0.700114965662726974E+01    0.358619714378152166E+01   -0.488874767761219076E+00    0.392117135297030162E+01    0.522903028439625484E+01    0.564113008258487578E-10   -0.699268162041071006E+00
    0.285782906814899906E+01    0.270412400124875862E+01    0.890236049646674577E+00    0.343721811483740813E+00    0.115917774414131713E+01    0.301571348552710742E+04    0.318620444551698867E+02    0.311223175411081687E+01    0.908972734387945103E+01   -0.456789025651005431E+00    0.619622146245336047E+01    0.276133879205327393E+01    0.465104837994996116E-10   -0.697275044930352528E+00
    0.115255992407453517E+00    0.112084796159790301E+01    0.224304108210714359E+01    0.495388634570008524E+01    0.524448518344638526E+01    0.202277336408455290E+04    0.330100428394754175E+02    0.428212687244405465E+01    0.604962916028478936E+01    0.720568874115507629E+00    0.602476214352454331E+01    0.341216897913784711E+01    0.228834015849076229E-10   -0.689932184880058030E+00
    0.233301799898329554E+01    0.433796704785426090E+01    0.175504096777624574E+01    0.510960001231174932E+01    0.309689265818583426E+01    0.145650810325946350E+04    0.565538709819989336E+02    0.478068296985006302E+01    0.855852996759491447E+01   -0.677584819701419594E+00    0.266718502509529332E+01    0.538253402312972984E+01    0.310887365951424016E-10   -0.667672863595091703E+00
    0.412174938409236535E+01    0.610179465400992349E+01    0.147931745312078333E+01    0.349633099336521802E+01    0.906350989204311563E+00    0.119166458941100313E+04    0.610313943684864597E+02    0.260897850143589638E+01    0.629279354809346803E+01   -0.173702159210922713E+01    0.266359685942025548E+01    0.389891284524011050E+01    0.214528263644570062E-10   -0.666580852641793231E+00
    0.286878157269252032E+01    0.531261203211497612E+01    0.587355115037595343E+01    0.239711771109294647E+01    0.176481154012300734E+01    0.139992178691771096E+04    0.564099394951741928E+02    0.430677501321210876E+01    0.871273792560363347E+01    0.114071879028982881E+01    0.372479752067505343E+01    0.391698285854376982E+01    0.761505389814278931E-10   -0.643141783155409819E+00
    0.220439801112290024E+01    0.421692983968933455E-01    0.353131610350117464E+01    0.456434392140232403E+00    0.144545977288324612E+01    0.163844892928355398E+04    0.400751149283950170E+02    0.715927549332930724E+01    0.552387843935656164E+01   -0.133605352893628226E+01    0.430422108174959384E+01    0.328410712746323830E+01    0.118615109884267898E-10   -0.635128831233023994E+00
    0.294244129720218739E+01    0.582580358277881682E+01    0.373104986110585068E+01    0.355138981226181238E+01    0.654675097775677783E+00    0.237083161814692085E+04    0.294157263571296994E+02    0.580224755935736614E+01    0.741175013095696666E+01    0.807291567762504769E-01    0.291154336026028338E+01    0.307965272680898927E+01    0.961428798318351237E-10   -0.623584951401168319E+00
    0.214104989375535570E+01    0.460966432285277172E+00    0.348540808732068141E+01    0.273690503085509329E+01    0.368107327867753353E+01    0.420645254758735575E+03    0.764992670441310167E+02    0.755029304776889987E+01    0.719293411804969907E+01    0.150531257253497586E+00    0.299226415711670812E+01    0.534582040036424200E+01    0.340721334535659632E-10   -0.617867468317316204E+00
    0.248611320516442058E+01    0.145643617139548942E+01    0.229232539891272014E+01    0.368686272338454035E+01    0.285566685343047899E+01    0.144798932703531318E+04    0.372841279459213766E+02    0.355524945346263976E+01    0.469145804787811738E+01    0.605338378384628673E+00    0.182264803897311478E+01    0.484067289031618131E+01    0.621490978098352059E-10   -0.610459370148173419E+00
    0.222780993049114606E+01    0.449761994449661540E+01    0.565398118221908597E+01    0.560945257753849180E+01    0.457859740954505323E+01    0.186647974759213434E+04    0.389999710715021042E+01    0.611088506931982689E+01    0.425161567994233192E+01    0.140519832057002692E+01    0.195148266891454281E+01    0.381008194780515641E+01    0.920368496619907408E-10   -0.594070080925830135E+00
    0.192858404282371376E+01    0.280703341508530846E+01    0.133604095334020045E+01    0.276216975612710547E+01    0.358431097238916507E+01    0.762346899902630526E+03    0.816570482019716763E+02    0.421663343617317565E+01    0.374101958878342122E+01    0.437509400312536378E+00    0.508883434964115722E+01    0.485380838923124980E+01    0.773821651501336023E-10   -0.574306741623186956E+00
    0.355480561277878504E+01    0.241723221320142878E+01    0.488704454194378179E+01    0.254755908630494687E+01    0.174111927769080044E+01    0.725860441855912882E+03    0.886981850306694213E+02    0.791863163133013792E+01    0.380236996573755315E+01   -0.402187641039524202E-01    0.557978599193675429E+01    0.153439817744308638E+01    0.197444902644328446E-10   -0.559697924121715040E+00
    0.544455400730062244E+01    0.382916370046341337E+01    0.400475030481772620E+01    0.173792338184133199E+01    0.490135411982229474E+01    0.212691986480922787E+04    0.138046180013101640E+02    0.620266096208357176E+01    0.558856187442257735E+01    0.852085937417251582E+00    0.121912851489074181E+01    0.302529191245639417E+01    0.480128512010581535E-10   -0.557879821554464916E+00
    0.307292498841746964E+01    0.316614562685597012E+00    0.332271953208155002E+00    0.227049060430582905E+01    0.455919653487747226E-01    0.165878268333927508E+04    0.411872851815665726E+02    0.665363917866697641E+01    0.747239304273875860E+01   -0.181056470901586053E-01    0.114914876356437934E+01    0.493956207835134098E+01    0.296488906871720298E-10   -0.547698585456857678E+00
    0.736975281811488192E+00    0.945971105072626273E+00    0.254248535210342608E+01    0.333218740797245072E+01    0.387156492273147079E+00    0.522356124062513118E+03    0.707353334711897048E+02    0.905431398706430457E+01    0.657864995676589359E+01    0.471081269399871161E-01    0.119672578117279227E+01    0.413499337169591019E+01    0.709814700099530173E-10   -0.546809600543063823E+00
    0.501171559588145943E+01    0.121900765440454228E+01    0.204184311391954099E+01    0.325233917336549805E+01    0.480885963150835760E+01    0.959990048909692177E+03    0.557766900724136718E+02    0.474042557466157355E+01    0.682772676510316145E+01    0.809268697627180789E+00    0.144396372459308409E+01    0.545143797695128107E+01    0.442087442764716138E-10   -0.512589239726668033E+00
    0.343160407777560739E+01    0.274655156783114984E+01    0.387002217567404960E+01    0.136769806564525614E+00    0.520992015522854057E+01    0.157272771390765706E+04    0.418437922177742578E+02    0.934199866651953492E+01    0.805244172141414438E+01    0.457226123329341316E+00    0.253373234544837489E+01    0.426804190570438635E+01    0.827729004667735437E-10   -0.510364218707363815E+00
    0.275079007775510620E+01    0.414390530243196498E+01    0.465171941277845047E+01    0.364774442706696922E+01    0.169858323201637962E+01    0.989444835113632621E+03    0.503444320080542127E+02    0.757143491107865074E+01    0.972001336663160664E+01    0.720570170727973469E+00    0.283470547307678133E+01    0.330785435318624055E+01    0.830328520483001115E-10   -0.450910674139023526E+00
    0.155887872078666634E+01    0.448704206200507727E+01    0.486778105457567722E+01    0.331483311331533548E+01    0.233217666387277278E+01    0.327509803091656158E+04    0.123521820842110799E+02    0.725381249742448997E+01    0.896624262846578013E+01    0.986730454081126140E-01    0.348849685873756465E+01    0.202073892010051726E+01    0.568594247021722720E-10   -0.503810895001671977E+00
    0.263858232559625527E+01    0.250965577047621968E+01    0.606553899530619312E+01    0.218594697272744876E+01    0.493613512549253702E-01    0.319124682389771351E+03    0.378853792077162339E+02    0.838606813341081470E+01    0.380204174187248212E+01   -0.440325847137000181E+00    0.420141536570038276E+01    0.289887552871460663E+01    0.581519242006463448E-10   -0.108455621297972732E+00
    0.166493135781506241E+01    0.591146437501785016E+01    0.380516491193542272E+01    0.320446536345540700E+01    0.848036074876790891E+00    0.175144796386870354E+02    0.108589930543019094E+03    0.550493884312854842E+01    0.431056491503827388E+01   -0.555424573924084619E+00    0.566908946508177269E+01    0.199103769172415390E+01    0.288883803579838959E-10   -0.418543846667749353E+00
    0.350549661498438958E+01    0.407660062964431003E+01    0.477255386632362466E+01    0.387497551151450947E+01    0.285058432410691343E+00    0.349913147516495656E+03    0.713416580158922073E+02    0.692631513743293681E+01    0.236449389992737302E+01    0.909227445401972645E+00    0.336949554584117950E+01    0.119125197596842147E+01    0.916466922471237799E-10   -0.241798234877852541E+00
    0.623589159453750774E+01    0.563420118900341027E+01    0.205391932003272393E+01    0.452162226510426546E+01    0.832449896982232262E+00    0.123936232769185381E+04    0.474399340831850438E+02    0.408218098452280032E+01    0.679374287544434985E+01    0.194363066194211953E+01    0.475373010218900838E+01    0.265512549410612886E+01    0.553430990398610632E-10   -0.490590903115315113E+00
    0.314453790207311856E+01    0.610476585114347792E+01    0.509675394094599810E+01    0.342070174492538337E+01    0.143631212667707708E+01    0.407039219746857555E+03    0.284706489373189662E+02    0.485165761422942854E+01    0.351560247520391123E+01    0.723991953775744435E+00    0.348631934110009611E+01    0.272379688797694852E+01    0.393894519783423883E-10   -0.105595257427088418E+00
    0.361183570540631882E+01    0.608924819637797476E+01    0.441874917101453590E+01    0.242880702198845766E+01    0.678456616703255522E+00    0.522702913218423873E+03    0.462958875348346126E+02    0.533538232517092759E+01    0.991504067494424923E+01   -0.833104465440377862E+00    0.345929506911069007E+01    0.223992207826986034E+01    0.569216103642258680E-10   -0.307682351603690118E+00
    0.836954563879759528E+00    0.254859762670937740E+00    0.348429483213537639E+01    0.227582322792069469E+01    0.386105430264074823E+01    0.102393059215111202E+04    0.957416709497145746E+01    0.786497781267527696E+01    0.303549690355203561E+01    0.147072212605967856E+01    0.612703915703162050E+01    0.375858268438043064E+01    0.419298568474496445E-10   -0.356670857314719592E+00
    0.216868084716381171E+01    0.646171899153388574E+00    0.204783462757932266E+01    0.422461311992968547E+01    0.399299895674729743E+01    0.199583755714467088E+04    0.176768345820316917E+02    0.541400929868777414E+01    0.682489496712802346E+01    0.127746853428915008E+01    0.338921797014804671E+01    0.444082891814130054E+01    0.158833142818688809E-10   -0.394040005884249922E+00
    0.314637027944750969E+01    0.273613189024200265E+01    0.302218169866785802E+01    0.336365921365872644E+01    0.122688509581473748E+01    0.178464483664262593E+04    0.401893446466912465E+02    0.938963237904616577E+01    0.976702774177640798E+01    0.586750938355113938E-01    0.431616877748432248E+01    0.340452804972348577E+01    0.909270452250179581E-11   -0.482224230462348413E+00
    0.268232878288185317E+00    0.253611153323105398E+01    0.256202041286386795E+01    0.593970013787478290E+01    0.155835256953695933E+01    0.714264066345063725E+03    0.704270317599138735E+02    0.654364615273459727E+01    0.308072272798414470E+01   -0.177568774715007649E+00    0.344936468105547167E+01    0.273404492627002638E+01    0.170732939506563506E-10   -0.338251274541881308E+00
    0.204898210329901698E+01    0.472060550831308268E+00    0.325183484867412886E+01    0.454793871676679018E+01    0.289282110494297884E+01    0.478839536517129375E+03    0.502081957476755392E+02    0.618591381851640243E+01    0.550358861519004883E+01    0.190682993514207855E+01    0.393955512078300840E+01    0.319598921935892522E+01    0.668775864025559125E-11   -0.304186352333406851E+00
    0.340124693975560044E+01    0.155617532502255688E-01    0.276315327180144976E+01    0.989153250327196365E+00    0.304125425931152904E+01    0.993385323911571390E+03    0.506814077651183723E+02    0.751525919569439615E+01    0.514394244542211609E+01    0.668116169080710698E+00    0.475682726790133703E+01    0.465800273524835262E+01    0.158597617607151366E-10   -0.491781504811538261E+00
    0.474661923514950423E+01    0.192919271401586045E+01    0.452427790785383888E+01    0.175923029124160291E+01    0.351884011490108417E+01    0.568030717075773850E+03    0.559453792392122082E+02    0.621271945904345646E+01    0.690323307459882773E+01   -0.643578554010850068E+00    0.382668422376189499E+01    0.373153662439097022E+01    0.136177557865612723E-10   -0.395016632043869720E+00
    0.561449237610069041E+01    0.336705197746414209E+01    0.299071294213784045E+01    0.444422881441918527E+01    0.172398220516927925E+01    0.339900743329101090E+03    0.164064449978359107E+03    0.683227432022070946E+01    0.279509492724267172E+01   -0.129261024997773255E-02    0.506592936193199872E+01    0.375348114510296726E+01    0.384077590248748705E-10   -0.501459096472433169E-01
    0.409991573515002816E+01    0.102756629304510394E+01    0.178766597716253206E+01    0.248152443134054312E+01    0.189800740106520083E+01    0.823469242515469659E+03    0.290465794534805362E+02    0.824273251848234345E+01    0.423114526103086330E+01    0.127061423088019376E+01    0.280409734632530672E+01    0.579155136515651137E+01    0.541471479285466814E-10   -0.257590833824602683E+00
    0.325472746708484539E+01    0.513093326314495357E+01    0.480002803394183708E+01    0.266426227428987161E+01    0.146751957065783123E+01    0.148096412536394382E+04    0.338924313596618134E+02    0.428389441018947092E+01    0.591696052036509190E+01    0.109469784730764896E+01    0.512559367426111390E+01    0.194103467319993661E+01    0.572848701028227394E-10   -0.476752020319737735E+00
    0.431895915112076434E+01    0.218021143521327648E+00    0.478441520872253889E+01    0.270133280575554657E+01    0.393059816314140820E+01    0.616522629476778405E+02    0.320532279214048970E+02    0.687104672289624752E+01    0.512150595864564462E+01    0.189529678688788472E+01    0.473036724242241036E+01    0.559646802589779924E+01    0.537777253168835215E-10   -0.794565801985137876E-01
    0.362375659775336423E+00    0.327198384136479348E+01    0.441938162021219316E+01    0.557761231666515478E+01    0.139409081279510905E+01    0.161322887854894634E+04    0.135514509590034127E+02    0.681375281416144318E+01    0.617028014569131944E+01    0.167220298234343279E+01    0.544494232183791560E+01    0.187881632166725221E+01    0.650385881072701534E-10   -0.285142240935499669E+00
    0.362375659775336423E+00    0.327198384136479348E+01    0.441938162021219316E+01    0.557761231666515478E+01    0.139409081279510905E+01    0.161322887854894634E+04    0.135514509590034127E+02    0.681375281416144318E+01    0.617028014569131944E+01    0.167220298234343279E+01    0.544494232183791560E+01    0.187881632166725221E+01    0.650385881072701534E-10   -0.285142240935499669E+00
    0.170963260041625853E+01    0.570862273482353988E+01    0.563813378799348541E+01    0.429647374739722121E+01    0.354025970271670642E+01    0.435652083181899343E+03    0.396054488124159931E+02    0.328405428630707519E+01    0.433841085343926736E+01   -0.151141356098247526E+00    0.428928798332832528E+01    0.413585156472803117E+01    0.343859959335738740E-10   -0.175137529731725472E+00
    0.175393418678905721E+01    0.491944963647773559E+01    0.466741266392079091E+01    0.396922263821893928E+01    0.128974772157561990E+01    0.711963328224320321E+03    0.441318615300579395E+02    0.623180163529526787E+01    0.870572126608987862E+00    0.496298093193874301E+00    0.353356886025782524E+01    0.107715112893359954E+01    0.465934880208263476E-10   -0.314161136673036689E+00
    0.310793201061921343E+01    0.117269517175861737E+01    0.269318958888826998E+01    0.115063650206881873E+01    0.400489779497996956E+01    0.286612584654291277E+04    0.127323367361692856E+02    0.752553792432468782E+01    0.900030773213652679E+01   -0.112727317403152494E+01    0.411780107038337384E+01    0.414224253877683335E+01    0.242774498866182538E-10   -0.397084297067005876E+00
    0.203102401181090864E+01    0.194311690396594439E+01    0.416061697994703561E+01    0.506060689480066461E+01    0.116715777601784754E+01    0.312426492985948869E+03    0.194034936721724591E+02    0.781822155949759079E+01    0.626776861243841044E+01    0.459609323769941014E+00    0.289499136918496225E+01    0.246965893260724823E+01    0.245305940702753700E-10   -0.600857440777915544E-01
    0.407965139425149115E+01    0.564283082984045681E+01    0.548129739625261703E+01    0.382877305800068291E+01    0.358804537626117748E+01    0.362861112111514899E+03    0.688307103757730232E+02    0.633629171205754638E+01    0.721330102763720582E+01   -0.585566579044118907E-01    0.371667614090094922E+01    0.431386535456038711E+01    0.332656039425824475E-10   -0.495226982544906214E+00
    0.244723879620350582E+01    0.277547349584506797E+01    0.583231645455086944E+01    0.285628740116232249E+01    0.207833738755030595E+01    0.987172830861043963E+03    0.372311044021745943E+02    0.625312435357797192E+01    0.589474307551220811E+01   -0.677507759027022649E+00    0.454345422888316453E+01    0.270797995635854072E+01    0.467140419075978557E-11   -0.339766903126862196E+00
    0.506795962294160951E+01    0.210024045950000859E+01    0.320564762012330462E+01    0.518339884368793680E+01    0.444954674222603064E+01    0.105626765581862151E+04    0.506738331744167070E+02    0.710960439660580867E+01    0.546398763860008629E+00    0.164661077832746283E+01    0.216115522665192072E+01    0.538338140934753184E+01    0.681486485652635523E-10   -0.355544284296588686E+00
    0.439206704664488434E+01    0.415140819977425224E+01    0.475238285613139944E+01    0.201180956771789843E+01    0.529240080207860686E+01    0.924252495632959608E+03    0.507241212760519389E+02    0.510473429523965461E+01    0.517366999319871290E+01    0.130462701564965311E+01    0.503687520667288258E+01    0.251320198365247105E+01    0.157897303306543964E-10   -0.451824759566891443E+00
    0.881140295101696780E+00    0.583950992239817257E+01    0.601750227945022953E+01    0.272124166522155786E+01    0.210557318890858998E-01    0.997981089614152211E+03    0.225904485639001535E+02    0.933192745784454303E+01    0.508453078000367142E+01   -0.637219837038662362E+00    0.334134621488962180E+01    0.132588369392491257E+01    0.986879119056109313E-10   -0.252576060545879111E+00
    0.969081393688875359E+00    0.512048531166415244E+00    0.543454416908954219E+01    0.467558133285565525E+01    0.307875801201935229E+01    0.118901482646915838E+04    0.336280287950410965E+02    0.673622770274397542E+01    0.448538749065842257E+01    0.927108695554239581E+00    0.483829796383675781E+01    0.279079260624107439E+01    0.528735824499048669E-10   -0.463063376874622734E+00
    0.108726165384309703E+01    0.234340819483481377E+01    0.546688098837455971E+01    0.146838294787450185E+01    0.424001640595193241E+00    0.125571169990147177E+04    0.290512509418469165E+02    0.637319274839594385E+01    0.839060465032333269E+01    0.827325955968940541E+00    0.355258095854558364E+01    0.480760603969671330E+01    0.798568658792777165E-10   -0.271541090681518549E+00
    0.169761248759674843E+01    0.199254123708863640E+01    0.390277145508578149E+01    0.281074328505007998E+01    0.358648822355843766E+01    0.103609995892855864E+04    0.137181163927966807E+02    0.629577689145374020E+01    0.617360510898211245E+01    0.574648535496620205E+00    0.472740293216477703E+01    0.528956114760940110E+01    0.843314444955025267E-10   -0.156430166896331296E+00
    0.715086531041244533E+00    0.742898699250742034E+00    0.249165256025873472E+01    0.353365189917692746E+01    0.274479909386973597E+01    0.435053711384095777E+03    0.220427850598386001E+02    0.506024758687153664E+01    0.908948259716609863E+00    0.412425490097569458E+00    0.390710036590634191E+01    0.507913880169096554E+01    0.625118154964930292E-10   -0.134449603324205635E+00
    0.249581062919723706E+01    0.178647191649690340E+00    0.429339636849444595E+00    0.326537662390897943E+01    0.104643269134005501E+01    0.306566655185599075E+03    0.603096072917337978E+02    0.261140363227375483E+01    0.653070169732872330E+01    0.131486665871207320E+01    0.609085378727295179E+01    0.354292897455573508E+01    0.897105452000958214E-10   -0.362216665862647391E+00
    0.605115750953939213E+00    0.113162479458057752E+01    0.455699637374208066E+01    0.172938038326318755E+01    0.310175015098868556E+01    0.170790501546634437E+04    0.178713792959371780E+02    0.264011372974193215E+01    0.902749920948262208E+01   -0.453302625891321975E+00    0.141004091408330945E+01    0.543648057867486312E+01    0.771324778460264862E-10   -0.225559806340265012E+00
    0.605115750953939213E+00    0.113162479458057752E+01    0.455699637374208066E+01    0.172938038326318755E+01    0.310175015098868556E+01    0.170790501546634437E+04    0.178713792959371780E+02    0.264011372974193215E+01    0.902749920948262208E+01   -0.453302625891321975E+00    0.141004091408330945E+01    0.543648057867486312E+01    0.771324778460264862E-10   -0.225559806340265012E+00
    0.502644055514469201E+01    0.209619000302626723E+01    0.203492829890800042E+01    0.139841306440196073E+00    0.203864628888637744E+01    0.849992095106386387E+03    0.371863543221192288E+02    0.850758203734042162E+01    0.337743196091520748E+01   -0.119319115492251093E+01    0.622824055081697248E+00    0.411682505850696501E+01    0.976294085447189939E-10   -0.340417525321518810E+00
    0.340471727037453320E+01    0.270114803923274627E+01    0.428967577106000419E+01    0.576846697229065564E+00    0.458593317535266731E+01    0.547947744080491020E+03    0.561682258019503820E+03    0.541703322791957476E+01    0.266482041948829140E+01   -0.115786014918370039E+00    0.270504846382318354E+01    0.594520342693373927E+01    0.503569695208794537E-10   -0.317303441271933329E+00
    0.544029129036069570E+01    0.312781016911274090E+01    0.513393239142723345E+01    0.116445675142835059E+01    0.394765285620555595E+01    0.141229505412092112E+04    0.278435708731705356E+01    0.442129904561342890E+01    0.397246620453244859E+01   -0.536959207433727492E+00    0.380479597537930392E+01    0.455808695173928946E+01    0.551530684532083659E-10   -0.474927333464134738E+00
    0.294870155337189033E+01    0.999054286556178894E+00    0.306775722290574171E+01    0.633835485093602991E+00    0.223729295277087598E+00    0.445614359326537738E+03    0.512836687638917681E+02    0.521342566409760710E+01    0.632640062556782290E+01   -0.403331657077770744E+00    0.425802889363245107E+01    0.319419091064315364E+01    0.789002736200069883E-10   -0.304108671150453258E+00
    0.201886248839387550E+01    0.215779390178515573E+01    0.532411860014513838E+01    0.216926694168613610E+01    0.295013781473337033E+01    0.168128056507886913E+04    0.227490898199350617E+02    0.359207559778356700E+01    0.586161247039885591E+01   -0.517458716588828693E+00    0.379769974009717748E+01    0.512830111245590636E+01    0.906134722267444864E-10   -0.443119042724748946E+00
