    0.403485100498009130E-53    0.244315923381404986E+03    0.339006936364293132E+01    0.206396070741653448E+01   -0.287771916389465332E+01    0.481945276260375977E+00   -0.134546756744384766E-01    0.107335217602372168E+01    0.614047050802111638E+01   -0.111048862934112549E+02
    0.413069566616029713E-28    0.128939715812556557E+03    0.467622857630968092E+01    0.492637137000977976E+01   -0.389217948913574219E+01   -0.130980324745178223E+01   -0.405222773551940918E+00    0.897223261604905176E+00    0.119428732691049588E+01   -0.115274701118469238E+02
    0.659075055023267788E-17    0.771484009679520142E+02    0.172075621824264524E+01    0.572255368343651316E+01   -0.118170809745788574E+01   -0.166613912582397461E+01    0.109046697616577148E-01    0.784572961385846201E+00    0.174011599902272240E+01   -0.117273483276367188E+02
    0.266043932602777248E-15    0.695524125259928354E+02    0.461246908162891867E+01    0.236730151520431065E+01   -0.220209360122680664E+00   -0.843797445297241211E+00   -0.954971313476562500E-01    0.801774831057190940E+00    0.438693965722560897E+01   -0.108932843208312988E+02
    0.138027584981598461E-08    0.384286370219810891E+02    0.393683355501055754E+01    0.229476506725311280E+01   -0.243184256553649902E+01   -0.113553953170776367E+01    0.983556985855102539E+00    0.669475630416274115E+00    0.218320870288074032E+01   -0.113504693508148193E+02
    0.270866590709772949E-05    0.230647807477945399E+02    0.150637325484752660E+01    0.118408237727463250E+01   -0.394404768943786621E+01    0.172451877593994141E+01    0.837476372718811035E+00    0.598562671645283761E+00    0.722517849463820472E+00   -0.110525283813476562E+02
    0.405522156347645955E-05    0.220576825534465968E+02    0.228626599840521832E+00    0.411797562425434638E+01   -0.335014462471008301E+01    0.124708652496337891E+01    0.249060511589050293E+00    0.532834017539024374E+00    0.127261103629231465E+01   -0.135834600925445557E+02
    0.630690227035310739E-05    0.209744039404734224E+02    0.184119027835130712E-01    0.114148441803276546E+01   -0.116809082031250000E+01   -0.812759876251220703E+00   -0.103540301322937012E+00    0.552698634170293857E+00    0.222278289011776442E+01   -0.110945377349853516E+02
    0.429464156424399536E-02    0.772744645125880414E+01    0.348629863677746155E+01    0.501280532957190772E+01   -0.160926737758017513E+01   -0.363328928828610342E+00   -0.533335288914864591E-01    0.437895237099137635E+00    0.186462753193334074E+01   -0.121663744914229746E+02
    0.570469487367497932E-02    0.695960365105099932E+01    0.480406664589762666E+01    0.170894275971889509E+01   -0.180847358703613281E+01    0.638839244842529297E+00    0.547089457511901855E+00    0.897428117102384570E-01    0.623557551536738863E+01   -0.135620751380920410E+02
    0.610402736449219309E-02    0.662428509275214950E+01    0.285991256319824627E+01    0.654243830871717891E+00   -0.599207476920289306E+00   -0.164448912530771052E+01    0.442719105385872114E+00    0.333410956744182363E+00    0.490844555472632127E+01   -0.118970416862892243E+02
    0.230788067615756744E-01    0.376435316638489059E+01    0.469814699101805733E+01    0.604640550746917804E+00   -0.292725682258605957E+01    0.196956419944763184E+01   -0.288673877716064453E+00    0.152458180016279230E-01    0.566848606337964522E+01   -0.124568049907684326E+02
    0.215358641760982662E-01    0.370274335355776651E+01    0.197495309011112918E+01    0.315760685191142976E+00   -0.121456587004318273E+01   -0.315870015731221088E+00    0.287885772709827847E+00    0.365665582104838627E+00    0.414249645163039037E+01   -0.120957171863730384E+02
    0.366790496375420244E-01    0.243777117178534519E+01    0.263085394726189348E+01    0.424811364188498786E+01   -0.376992769081985468E+01   -0.162780383104728310E+00   -0.105115778691876494E+00    0.308772406180576164E+00    0.429354365306865304E+01   -0.133924156731374122E+02
    0.376493966423435134E-01    0.218554878941815511E+01    0.774235975413002819E+00    0.504712991563946822E+01   -0.302474855567082379E+01   -0.235812081579482857E+00    0.947737475569288002E+00    0.338848522495985238E+00    0.284395962723381102E+01   -0.105718946231005688E+02
    0.392106768806882652E-01    0.190428448854978005E+01    0.540626428547441940E+01    0.134091180658996101E+01   -0.288926458358764648E+01    0.772140026092529297E-01   -0.789717793464660645E+00    0.293122750396132503E+00    0.432885020318806202E+01   -0.133485574722290039E+02
    0.467367084634788335E-01    0.135312283804351785E+01    0.214970415558457395E+01    0.560318359858989701E+00   -0.163244724273681641E+01   -0.198331522941589355E+01    0.539184093475341797E+00    0.307984698407053947E+00    0.163682875601112854E+01   -0.104798359870910645E+02
    0.485894948733093870E-01    0.107536794143873715E+01    0.236181464999261159E+01    0.551329796089180491E+01   -0.373765022133643399E+01   -0.106141894048937813E+01    0.626167091336028658E+00    0.274655752054147828E+00    0.575394935700939913E+00   -0.112492045186600720E+02
    0.446011900543667600E-01    0.104666156377486952E+01    0.401608454448699970E+01    0.563227719881236588E+01   -0.332408571243286133E+01   -0.120167970657348633E+00    0.216365456581115723E+00    0.279741229773759870E+00    0.166757880205690867E+01   -0.107128417491912842E+02
    0.562388932001439967E-01    0.382965512045181478E+00    0.522454033610019497E+01    0.485239533476956986E+01   -0.312221866578699503E+01    0.261961460921398714E+00   -0.286259544722656578E+00    0.203867146647294273E+00    0.172200886512584517E+01   -0.124397618578834770E+02
    0.557456826956374690E-01    0.200582712972482202E+00    0.593835823039386490E+01    0.244919980237547419E+01   -0.294625792259085895E+01   -0.304849026131812639E+00    0.286084522672774844E+00    0.188396231327763009E+00    0.445138449470824815E+00   -0.104430948819136322E+02
    0.509005076966469600E-01    0.182436850980448290E+00    0.507419255784789414E+00    0.348807782160259539E+01   -0.146993564396212051E+01   -0.100153908143422821E+01   -0.152388766880584559E-01    0.120674285167747350E+00    0.476088792550312956E+01   -0.133930871596733549E+02
    0.461226859416805843E-01    0.179572783149389070E+00    0.179403876012334873E+01    0.191192382930339044E+01   -0.141873118695504452E+01   -0.184981000383805649E+01    0.975241745640142987E-01    0.969106462123004303E-01    0.111846722348577154E+01   -0.121352287788403714E+02
    0.429520515034456721E-01    0.122013822356371704E+00    0.367394225719935941E+01    0.489548080098160288E+01   -0.362496169350928721E+01   -0.611567047076117198E+00    0.301998335813895569E+00    0.150151776554646038E+00    0.220798117418822093E+01   -0.126963065003035975E+02
    0.390061432809824041E-01    0.114744339281896618E+00    0.192701113584399009E+01    0.548365475037285233E+01   -0.270663420408996114E+01   -0.316591579062200479E+00    0.802994766522788561E+00    0.165014368445710602E+00    0.418106364869375025E+01   -0.102824350747886584E+02
    0.358889251549885310E-01    0.813251339887273161E-01    0.193937318346544840E+01    0.603195206615516888E+01   -0.361012508703482737E+01    0.603971067176161114E+00    0.978063741178565760E+00    0.146645058875658901E+00    0.156887197645250032E+01   -0.109936439876079408E+02
    0.328709457997751059E-01    0.570043243549328768E-01    0.101333545961778970E+01    0.212441213280259644E+01   -0.141437490182149395E+01   -0.161456264980276676E+01    0.229526497249067596E+00    0.842923706400187794E-01    0.546687246980997621E+01   -0.132407881390668081E+02
    0.298757842820038151E-01    0.480861227328593863E-01    0.770403102880120261E+00    0.417214099071860289E+01   -0.290541863441467285E+01   -0.124007058143615723E+01    0.856243848800659180E+00    0.130299706123471276E+00    0.129769740831911573E+01   -0.108576982021331787E+02
    0.271504571022535626E-01    0.393948819476438519E-01    0.320630420351401302E+01    0.211727336137361366E+01   -0.285487652928198576E+01   -0.562754989776561798E+00    0.420264214515399193E+00    0.121614032891845816E+00    0.616176263754651191E-01   -0.112599060578139891E+02
    0.245715661276714840E-01    0.390027948582985853E-01    0.478344720882426788E+01    0.440871486221772280E+01   -0.253451320273322445E+01    0.192751993204267613E+00    0.412993400104517683E+00    0.574019212907293172E-01    0.143633454242808489E+01   -0.113932172968847780E+02
    0.222537891036899797E-01    0.371580649647116623E-01    0.207548306381057568E+01    0.420639000551285314E+01   -0.241016460185122083E+01   -0.130008419885120796E+00    0.147263027180901229E+00    0.938479238121214532E-01    0.463498296249999342E+01   -0.136633115480082523E+02
    0.202379679211358333E-01    0.270617663304873537E-01    0.398104151523118421E+01    0.486368467009913807E+01   -0.320320288689488297E+01   -0.141776182719866028E+00    0.288301057667731619E+00    0.105189757717909588E+00    0.172081620197439245E+01   -0.124309830443454885E+02
    0.183413060970665960E-01    0.238712866733456729E-01    0.481036751172751575E+01    0.312363370238796412E+01   -0.309571765293322265E+01    0.101367349622132252E+01    0.994710726704850723E+00    0.308952670616997188E-01    0.163971890490163696E+01   -0.100546132042048058E+02
    0.166165603306288566E-01    0.213830300637904563E-01    0.445812750263085089E+01    0.559570823930023309E+01   -0.342315360895557763E+01    0.124835046478222189E+01    0.297601315455689130E+00    0.947128095011762067E-01    0.224204693692591706E+01   -0.127067171558093452E+02
    0.166172655354678671E-01    0.179659291762087371E-01    0.532482467528998882E+01    0.269971757235646281E+01   -0.202971529960632324E+01   -0.363850831985473633E+00    0.394098162651062012E+00    0.649245869159698497E-02    0.266046695943355571E+01   -0.114766030311584473E+02
    0.166974345341019924E-01    0.834025003568548626E-02    0.365480910216397892E+00    0.282618794221860625E+01   -0.185171191401864865E+01   -0.131699674282010748E+01    0.131349578719630600E-02    0.514465828650897752E-01    0.332405717249822086E+01   -0.137020657585173602E+02
    0.167576142806268348E-01    0.114494606019618461E-02    0.576722116392817874E+01    0.429017240612348161E+01   -0.335939722924673667E+01    0.300987338465604992E+00    0.949159865647110079E+00    0.194776485906872562E-01    0.101359997840207838E+01   -0.107021559688015255E+02
    0.167184191016343832E-01    0.582832015717363924E-02    0.339322082979460893E+01    0.529437210036686867E+01   -0.331147379182252610E+01    0.727649062858604090E-01    0.524860429727253885E+00    0.697796902445456391E-01    0.228844018698840479E+01   -0.121602401087978027E+02
    0.166408880085795220E-01    0.151248241157218976E-01    0.610307659221288823E+01    0.308339881205355670E+01   -0.249385829482671229E+01   -0.120107775047279652E+00   -0.394323369842779603E+00    0.543154765634570116E-01    0.939304276232854507E+00   -0.133739237707270959E+02
    0.166951148358986702E-01    0.861812018945423003E-02    0.365038995338522554E+01    0.519265365911591115E+01   -0.337800250894638410E+01    0.105164251492502459E+01    0.925262741054807991E+00    0.146220021141225138E-01    0.297320353935779158E+01   -0.123564988807365133E+02
    0.167165834746823422E-01    0.604792557813165974E-02    0.154976205008905854E+01    0.350436884758672829E+01   -0.170400334746511106E+01   -0.888533103006748259E+00    0.398969916404480429E+00    0.869477944888360360E-02    0.221301410633246176E+01   -0.132210286617837056E+02
    0.166980291845722634E-01    0.826902473690285973E-02    0.417617211143004941E+01    0.384558489149528304E+01   -0.323213185031542505E+01    0.991368916831833147E+00    0.918491666205877744E+00    0.505598478793487863E-01    0.296559207634902355E+01   -0.112975790632154034E+02
    0.167412495187875821E-01    0.309901390429334666E-02    0.167107507638750064E+01    0.396108136289336787E+01   -0.246261875687971798E+01   -0.126582992444384712E+01    0.915623837910101601E+00    0.528348823831362238E-01    0.348937794493496378E+01   -0.109290402168035534E+02
    0.167465118260671508E-01    0.247044906609039574E-02    0.548240341391115393E+01    0.333627419448372864E+01   -0.229334342489774556E+01   -0.121518457752761622E+01    0.397258019158437392E+00    0.500033162006204845E-01    0.241212544968777021E+01   -0.110368460178453507E+02
